[gd_scene load_steps=2 format=2]

[ext_resource path="res://Assets/customisation/untitled_1.gltf" type="PackedScene" id=1]

[node name="untitled_1" instance=ExtResource( 1 )]

[node name="DirectionalLight" type="DirectionalLight" parent="." index="49"]
transform = Transform( 1, 0, 0, 0, -0.0110652, 0.999939, 0, -0.999939, -0.0110652, 0, 3.37476, -7.43301 )

[node name="DirectionalLight2" type="DirectionalLight" parent="." index="50"]
transform = Transform( 0.410289, -0.010091, 0.9119, -0.911956, -0.00453993, 0.410264, 0, -0.999939, -0.0110652, 18.4154, 3.37476, -4.6368 )

[node name="DirectionalLight3" type="DirectionalLight" parent="." index="51"]
transform = Transform( -0.665864, 0.741757, -0.0801331, -0.488221, -0.351996, 0.798585, 0.56415, 0.570872, 0.596523, 4.82066, 3.37476, 5.13129 )

[node name="DirectionalLight4" type="DirectionalLight" parent="." index="52"]
transform = Transform( -0.665864, 0.741757, -0.0801331, 0.517589, 0.536627, 0.666433, 0.537333, 0.402278, -0.741246, 4.82066, 3.37476, -20.7659 )
